8.800000000000000000e+01
6.000000000000000000e+01
6.900000000000000000e+01
6.100000000000000000e+01
5.900000000000000000e+01
1.490000000000000000e+02
5.500000000000000000e+01
3.660000000000000000e+02
7.000000000000000000e+01
1.430000000000000000e+02
5.700000000000000000e+01
3.110000000000000000e+02
1.720000000000000000e+02
1.280000000000000000e+02
6.800000000000000000e+01
7.000000000000000000e+01
1.140000000000000000e+02
5.600000000000000000e+01
8.100000000000000000e+01
6.900000000000000000e+01
9.900000000000000000e+01
8.400000000000000000e+01
6.400000000000000000e+01
5.900000000000000000e+01
6.300000000000000000e+01
7.500000000000000000e+01
5.900000000000000000e+01
6.100000000000000000e+01
6.100000000000000000e+01
5.400000000000000000e+01
5.300000000000000000e+01
4.700000000000000000e+01
6.900000000000000000e+01
1.820000000000000000e+03
6.100000000000000000e+01
8.200000000000000000e+01
4.900000000000000000e+01
1.790000000000000000e+02
7.600000000000000000e+01
6.900000000000000000e+01
1.496000000000000000e+03
1.400000000000000000e+02
1.170000000000000000e+02
1.530000000000000000e+02
7.400000000000000000e+01
9.500000000000000000e+01
2.490000000000000000e+02
7.800000000000000000e+01
1.330000000000000000e+02
4.000000000000000000e+01
6.300000000000000000e+01
5.400000000000000000e+01
1.050000000000000000e+02
5.100000000000000000e+01
5.500000000000000000e+01
2.430000000000000000e+02
6.800000000000000000e+01
6.400000000000000000e+01
7.990000000000000000e+02
5.400000000000000000e+01
6.600000000000000000e+01
3.380000000000000000e+02
9.900000000000000000e+01
1.010000000000000000e+02
9.600000000000000000e+01
6.300000000000000000e+01
4.900000000000000000e+01
