4.900000000000000000e+01
4.400000000000000000e+01
4.300000000000000000e+01
4.300000000000000000e+01
4.900000000000000000e+01
7.300000000000000000e+01
3.900000000000000000e+01
1.820000000000000000e+02
4.600000000000000000e+01
5.900000000000000000e+01
4.100000000000000000e+01
9.800000000000000000e+01
9.300000000000000000e+01
7.400000000000000000e+01
4.500000000000000000e+01
4.300000000000000000e+01
4.500000000000000000e+01
3.700000000000000000e+01
4.700000000000000000e+01
4.400000000000000000e+01
5.000000000000000000e+01
4.000000000000000000e+01
4.600000000000000000e+01
4.000000000000000000e+01
4.300000000000000000e+01
4.700000000000000000e+01
4.300000000000000000e+01
4.400000000000000000e+01
4.900000000000000000e+01
4.000000000000000000e+01
4.100000000000000000e+01
3.600000000000000000e+01
4.900000000000000000e+01
7.460000000000000000e+02
4.400000000000000000e+01
5.400000000000000000e+01
3.900000000000000000e+01
9.400000000000000000e+01
4.900000000000000000e+01
4.500000000000000000e+01
3.600000000000000000e+02
6.100000000000000000e+01
7.000000000000000000e+01
8.100000000000000000e+01
5.200000000000000000e+01
5.200000000000000000e+01
9.200000000000000000e+01
4.400000000000000000e+01
6.400000000000000000e+01
3.600000000000000000e+01
4.500000000000000000e+01
4.100000000000000000e+01
4.100000000000000000e+01
3.900000000000000000e+01
4.100000000000000000e+01
1.210000000000000000e+02
4.300000000000000000e+01
4.400000000000000000e+01
2.290000000000000000e+02
4.300000000000000000e+01
4.700000000000000000e+01
6.100000000000000000e+01
5.300000000000000000e+01
7.000000000000000000e+01
4.900000000000000000e+01
4.000000000000000000e+01
4.000000000000000000e+01
8.100000000000000000e+01
4.500000000000000000e+01
6.600000000000000000e+01
4.500000000000000000e+01
3.500000000000000000e+01
6.200000000000000000e+01
4.500000000000000000e+01
6.400000000000000000e+01
7.500000000000000000e+01
4.300000000000000000e+01
3.800000000000000000e+01
4.300000000000000000e+01
4.900000000000000000e+01
4.600000000000000000e+01
3.800000000000000000e+01
3.700000000000000000e+01
4.400000000000000000e+01
3.600000000000000000e+01
4.100000000000000000e+01
4.000000000000000000e+01
4.400000000000000000e+01
4.000000000000000000e+01
1.510000000000000000e+02
3.600000000000000000e+01
6.000000000000000000e+01
5.300000000000000000e+01
4.500000000000000000e+01
8.100000000000000000e+01
3.900000000000000000e+01
1.000000000000000000e+02
1.740000000000000000e+02
5.200000000000000000e+01
4.000000000000000000e+01
4.100000000000000000e+01
4.000000000000000000e+01
4.900000000000000000e+01
5.800000000000000000e+01
4.100000000000000000e+01
7.700000000000000000e+01
3.800000000000000000e+01
4.400000000000000000e+01
4.200000000000000000e+01
4.100000000000000000e+01
1.480000000000000000e+02
1.330000000000000000e+02
4.400000000000000000e+01
5.000000000000000000e+01
4.500000000000000000e+01
3.800000000000000000e+01
4.980000000000000000e+02
4.200000000000000000e+01
7.000000000000000000e+01
4.200000000000000000e+01
4.500000000000000000e+01
4.600000000000000000e+01
8.300000000000000000e+01
6.300000000000000000e+01
3.800000000000000000e+01
1.200000000000000000e+02
4.100000000000000000e+01
8.800000000000000000e+01
6.200000000000000000e+01
4.400000000000000000e+01
2.290000000000000000e+02
4.200000000000000000e+01
4.500000000000000000e+01
4.100000000000000000e+01
2.520000000000000000e+02
4.300000000000000000e+01
4.200000000000000000e+01
4.400000000000000000e+01
4.700000000000000000e+01
4.300000000000000000e+01
5.300000000000000000e+01
5.800000000000000000e+01
3.900000000000000000e+01
4.100000000000000000e+01
4.400000000000000000e+01
3.800000000000000000e+01
5.500000000000000000e+01
4.500000000000000000e+01
4.200000000000000000e+01
3.800000000000000000e+01
1.030000000000000000e+02
4.100000000000000000e+01
4.200000000000000000e+01
5.400000000000000000e+01
1.350000000000000000e+02
1.020000000000000000e+02
7.900000000000000000e+01
5.300000000000000000e+01
4.000000000000000000e+01
5.400000000000000000e+01
5.700000000000000000e+01
4.500000000000000000e+01
4.000000000000000000e+01
4.300000000000000000e+01
1.000000000000000000e+02
4.900000000000000000e+01
4.200000000000000000e+01
4.000000000000000000e+01
3.700000000000000000e+01
4.000000000000000000e+01
1.070000000000000000e+02
4.200000000000000000e+01
4.000000000000000000e+01
1.270000000000000000e+02
4.800000000000000000e+01
4.300000000000000000e+01
4.900000000000000000e+01
4.500000000000000000e+01
4.300000000000000000e+01
4.100000000000000000e+01
1.199000000000000000e+03
4.300000000000000000e+01
4.400000000000000000e+01
7.700000000000000000e+01
4.300000000000000000e+01
4.400000000000000000e+01
4.600000000000000000e+01
1.290000000000000000e+02
4.700000000000000000e+01
4.100000000000000000e+01
6.800000000000000000e+01
4.000000000000000000e+01
7.780000000000000000e+02
4.300000000000000000e+01
6.600000000000000000e+01
5.900000000000000000e+01
2.920000000000000000e+02
5.800000000000000000e+01
4.290000000000000000e+02
4.300000000000000000e+01
4.300000000000000000e+01
5.800000000000000000e+01
1.250000000000000000e+02
4.200000000000000000e+01
3.800000000000000000e+01
3.600000000000000000e+01
2.190000000000000000e+02
4.700000000000000000e+01
1.015000000000000000e+03
4.100000000000000000e+01
7.200000000000000000e+02
1.192000000000000000e+03
4.100000000000000000e+01
7.300000000000000000e+01
4.300000000000000000e+01
4.400000000000000000e+01
4.100000000000000000e+01
8.300000000000000000e+01
5.000000000000000000e+01
3.900000000000000000e+01
3.800000000000000000e+01
4.500000000000000000e+01
4.400000000000000000e+01
4.300000000000000000e+01
4.300000000000000000e+01
4.800000000000000000e+01
3.900000000000000000e+01
4.300000000000000000e+01
4.100000000000000000e+01
4.400000000000000000e+01
4.100000000000000000e+01
4.000000000000000000e+01
4.300000000000000000e+01
4.200000000000000000e+01
4.400000000000000000e+01
3.900000000000000000e+01
4.100000000000000000e+01
9.800000000000000000e+01
6.500000000000000000e+02
3.600000000000000000e+01
7.900000000000000000e+01
4.700000000000000000e+01
5.600000000000000000e+01
4.400000000000000000e+01
4.400000000000000000e+01
8.700000000000000000e+01
5.500000000000000000e+01
4.900000000000000000e+01
4.000000000000000000e+01
4.400000000000000000e+01
4.300000000000000000e+01
4.400000000000000000e+01
1.150000000000000000e+02
3.600000000000000000e+01
4.300000000000000000e+01
3.700000000000000000e+01
4.300000000000000000e+01
2.915000000000000000e+03
3.800000000000000000e+01
9.881000000000000000e+03
3.700000000000000000e+01
4.100000000000000000e+01
4.600000000000000000e+01
4.500000000000000000e+01
3.800000000000000000e+01
4.300000000000000000e+01
5.900000000000000000e+01
4.000000000000000000e+01
4.300000000000000000e+01
4.000000000000000000e+01
4.200000000000000000e+01
5.800000000000000000e+01
3.310000000000000000e+02
4.200000000000000000e+01
8.900000000000000000e+01
7.700000000000000000e+01
4.100000000000000000e+01
8.000000000000000000e+01
4.400000000000000000e+01
1.910000000000000000e+03
2.049000000000000000e+03
8.800000000000000000e+01
4.100000000000000000e+01
4.100000000000000000e+01
3.600000000000000000e+01
4.000000000000000000e+01
4.800000000000000000e+01
1.130000000000000000e+02
2.280000000000000000e+02
4.300000000000000000e+01
4.200000000000000000e+01
2.170000000000000000e+02
4.500000000000000000e+01
5.100000000000000000e+01
4.200000000000000000e+01
4.100000000000000000e+01
4.400000000000000000e+01
8.800000000000000000e+01
4.700000000000000000e+01
4.100000000000000000e+01
4.500000000000000000e+01
4.700000000000000000e+01
4.500000000000000000e+01
4.200000000000000000e+01
1.980000000000000000e+02
4.400000000000000000e+01
3.770000000000000000e+02
4.800000000000000000e+01
5.000000000000000000e+01
4.700000000000000000e+01
9.500000000000000000e+01
3.800000000000000000e+01
4.800000000000000000e+01
4.500000000000000000e+01
3.660000000000000000e+02
6.400000000000000000e+01
4.100000000000000000e+01
2.830000000000000000e+02
6.200000000000000000e+01
5.000000000000000000e+01
4.700000000000000000e+01
4.500000000000000000e+01
3.800000000000000000e+01
4.400000000000000000e+01
4.400000000000000000e+01
4.100000000000000000e+01
4.700000000000000000e+01
4.000000000000000000e+01
4.600000000000000000e+01
4.300000000000000000e+01
3.600000000000000000e+01
4.500000000000000000e+01
4.700000000000000000e+01
4.200000000000000000e+01
4.200000000000000000e+01
4.700000000000000000e+01
4.300000000000000000e+01
3.700000000000000000e+01
4.200000000000000000e+01
5.000000000000000000e+01
4.600000000000000000e+01
8.800000000000000000e+01
4.300000000000000000e+01
5.400000000000000000e+01
3.800000000000000000e+01
7.700000000000000000e+01
4.500000000000000000e+01
2.750000000000000000e+02
4.500000000000000000e+01
4.200000000000000000e+01
4.300000000000000000e+01
7.600000000000000000e+01
3.700000000000000000e+01
4.100000000000000000e+01
4.300000000000000000e+01
3.900000000000000000e+01
6.100000000000000000e+01
1.610000000000000000e+02
3.700000000000000000e+01
4.700000000000000000e+01
4.400000000000000000e+01
4.500000000000000000e+01
5.700000000000000000e+01
6.600000000000000000e+01
4.000000000000000000e+01
3.900000000000000000e+01
4.200000000000000000e+01
3.280000000000000000e+02
4.500000000000000000e+01
3.700000000000000000e+01
4.600000000000000000e+01
7.200000000000000000e+01
4.900000000000000000e+01
4.900000000000000000e+01
5.100000000000000000e+01
2.640000000000000000e+02
3.500000000000000000e+01
4.600000000000000000e+01
4.000000000000000000e+01
4.400000000000000000e+01
4.500000000000000000e+01
1.000000000000000000e+02
3.800000000000000000e+01
4.200000000000000000e+01
8.600000000000000000e+01
4.400000000000000000e+01
7.100000000000000000e+01
4.800000000000000000e+01
1.280000000000000000e+02
4.500000000000000000e+01
5.300000000000000000e+01
4.100000000000000000e+01
5.000000000000000000e+01
4.200000000000000000e+01
3.400000000000000000e+01
5.800000000000000000e+01
4.400000000000000000e+01
4.100000000000000000e+01
6.700000000000000000e+01
3.500000000000000000e+01
4.100000000000000000e+01
4.000000000000000000e+01
6.500000000000000000e+01
4.200000000000000000e+01
4.400000000000000000e+01
5.600000000000000000e+01
4.500000000000000000e+01
3.600000000000000000e+01
1.570000000000000000e+02
3.900000000000000000e+01
3.700000000000000000e+01
1.060000000000000000e+02
4.700000000000000000e+01
3.700000000000000000e+01
1.870000000000000000e+02
2.320000000000000000e+02
4.100000000000000000e+01
4.200000000000000000e+01
7.390000000000000000e+02
4.700000000000000000e+01
4.900000000000000000e+01
5.100000000000000000e+01
5.400000000000000000e+01
3.900000000000000000e+01
4.100000000000000000e+01
4.300000000000000000e+01
4.300000000000000000e+01
8.400000000000000000e+01
3.900000000000000000e+01
7.300000000000000000e+01
4.300000000000000000e+01
4.900000000000000000e+01
1.758000000000000000e+03
4.400000000000000000e+01
2.070000000000000000e+02
4.400000000000000000e+01
9.100000000000000000e+01
4.700000000000000000e+01
4.300000000000000000e+01
9.700000000000000000e+01
5.000000000000000000e+01
9.500000000000000000e+01
4.400000000000000000e+01
4.600000000000000000e+01
4.100000000000000000e+01
4.300000000000000000e+01
3.062000000000000000e+03
4.300000000000000000e+01
5.300000000000000000e+01
4.200000000000000000e+01
4.300000000000000000e+01
4.300000000000000000e+01
3.900000000000000000e+01
4.000000000000000000e+01
4.800000000000000000e+01
4.400000000000000000e+01
3.040000000000000000e+02
4.700000000000000000e+01
5.000000000000000000e+01
8.740000000000000000e+02
4.400000000000000000e+01
3.120000000000000000e+02
5.200000000000000000e+01
3.800000000000000000e+01
4.200000000000000000e+01
4.500000000000000000e+01
1.020000000000000000e+02
4.600000000000000000e+01
8.300000000000000000e+01
4.700000000000000000e+01
6.000000000000000000e+01
6.400000000000000000e+01
4.500000000000000000e+01
4.100000000000000000e+01
4.800000000000000000e+01
4.500000000000000000e+01
4.000000000000000000e+01
4.400000000000000000e+01
7.800000000000000000e+01
4.300000000000000000e+01
4.600000000000000000e+01
4.400000000000000000e+01
4.300000000000000000e+01
3.700000000000000000e+01
9.500000000000000000e+01
3.900000000000000000e+01
4.000000000000000000e+01
8.340000000000000000e+02
4.400000000000000000e+01
3.900000000000000000e+01
5.100000000000000000e+01
4.800000000000000000e+01
4.600000000000000000e+01
8.600000000000000000e+01
4.400000000000000000e+01
4.200000000000000000e+01
4.300000000000000000e+01
5.200000000000000000e+01
4.300000000000000000e+01
4.900000000000000000e+01
3.900000000000000000e+01
4.000000000000000000e+01
4.100000000000000000e+01
1.800000000000000000e+02
4.000000000000000000e+01
4.300000000000000000e+01
4.070000000000000000e+02
7.200000000000000000e+01
3.700000000000000000e+01
4.000000000000000000e+01
4.600000000000000000e+01
3.700000000000000000e+01
4.000000000000000000e+01
5.100000000000000000e+01
4.000000000000000000e+01
3.900000000000000000e+01
1.850000000000000000e+02
4.700000000000000000e+01
5.800000000000000000e+01
6.000000000000000000e+01
4.100000000000000000e+01
4.700000000000000000e+01
1.180000000000000000e+02
5.100000000000000000e+01
5.280000000000000000e+02
4.000000000000000000e+01
4.100000000000000000e+01
6.000000000000000000e+01
5.800000000000000000e+01
5.200000000000000000e+01
4.300000000000000000e+01
2.730000000000000000e+02
3.560000000000000000e+02
6.300000000000000000e+01
7.000000000000000000e+01
6.100000000000000000e+01
4.400000000000000000e+01
6.400000000000000000e+01
4.300000000000000000e+01
4.300000000000000000e+01
4.600000000000000000e+01
3.700000000000000000e+01
1.400000000000000000e+02
8.200000000000000000e+01
4.900000000000000000e+02
4.200000000000000000e+01
1.090000000000000000e+02
6.900000000000000000e+01
4.400000000000000000e+01
6.800000000000000000e+01
4.700000000000000000e+01
5.200000000000000000e+01
4.400000000000000000e+01
4.400000000000000000e+01
4.400000000000000000e+01
4.300000000000000000e+01
5.400000000000000000e+01
4.200000000000000000e+01
4.100000000000000000e+01
4.000000000000000000e+01
4.900000000000000000e+01
4.800000000000000000e+01
4.200000000000000000e+01
4.700000000000000000e+01
7.500000000000000000e+01
5.000000000000000000e+01
4.300000000000000000e+01
5.800000000000000000e+01
4.300000000000000000e+01
3.540000000000000000e+02
5.900000000000000000e+01
4.300000000000000000e+01
4.700000000000000000e+01
4.300000000000000000e+01
4.800000000000000000e+01
1.580000000000000000e+02
4.400000000000000000e+01
1.860000000000000000e+02
5.600000000000000000e+01
4.700000000000000000e+01
3.900000000000000000e+01
4.900000000000000000e+01
4.500000000000000000e+01
5.500000000000000000e+01
4.600000000000000000e+01
4.100000000000000000e+01
9.000000000000000000e+01
4.200000000000000000e+01
1.420000000000000000e+02
1.080000000000000000e+02
3.800000000000000000e+02
4.900000000000000000e+01
4.700000000000000000e+01
8.400000000000000000e+01
4.200000000000000000e+01
4.100000000000000000e+01
5.600000000000000000e+01
3.900000000000000000e+01
4.600000000000000000e+01
4.400000000000000000e+01
1.030000000000000000e+02
4.300000000000000000e+01
4.000000000000000000e+01
5.300000000000000000e+01
4.200000000000000000e+01
6.600000000000000000e+01
6.600000000000000000e+01
6.700000000000000000e+01
4.100000000000000000e+01
7.300000000000000000e+01
4.400000000000000000e+01
4.600000000000000000e+01
4.100000000000000000e+01
3.400000000000000000e+01
4.300000000000000000e+01
6.500000000000000000e+01
4.700000000000000000e+01
4.500000000000000000e+01
4.200000000000000000e+01
4.100000000000000000e+01
3.900000000000000000e+01
8.600000000000000000e+01
1.290000000000000000e+02
4.200000000000000000e+01
8.500000000000000000e+01
4.300000000000000000e+01
4.500000000000000000e+01
4.200000000000000000e+01
3.900000000000000000e+01
1.110000000000000000e+02
5.800000000000000000e+01
3.900000000000000000e+01
4.860000000000000000e+02
8.400000000000000000e+01
2.417000000000000000e+03
4.400000000000000000e+01
7.500000000000000000e+01
6.100000000000000000e+01
1.070000000000000000e+02
4.000000000000000000e+01
4.200000000000000000e+01
5.500000000000000000e+01
1.080000000000000000e+02
4.300000000000000000e+01
3.600000000000000000e+01
3.639000000000000000e+03
3.140000000000000000e+02
5.100000000000000000e+01
4.200000000000000000e+01
4.300000000000000000e+01
2.160000000000000000e+02
3.600000000000000000e+01
4.100000000000000000e+01
5.700000000000000000e+01
5.300000000000000000e+01
4.500000000000000000e+01
9.600000000000000000e+01
4.200000000000000000e+01
6.000000000000000000e+01
4.400000000000000000e+01
4.200000000000000000e+01
1.350000000000000000e+02
3.900000000000000000e+01
5.000000000000000000e+01
4.600000000000000000e+01
4.200000000000000000e+01
4.200000000000000000e+01
5.500000000000000000e+01
6.900000000000000000e+01
5.600000000000000000e+01
3.500000000000000000e+01
3.900000000000000000e+01
2.050000000000000000e+03
1.740000000000000000e+02
1.330000000000000000e+02
4.200000000000000000e+01
4.300000000000000000e+01
4.200000000000000000e+01
4.900000000000000000e+01
7.600000000000000000e+01
4.300000000000000000e+01
4.700000000000000000e+01
1.770000000000000000e+02
4.300000000000000000e+01
4.400000000000000000e+01
5.900000000000000000e+01
4.200000000000000000e+01
4.000000000000000000e+01
2.860000000000000000e+02
4.100000000000000000e+01
1.050000000000000000e+02
3.700000000000000000e+01
4.000000000000000000e+01
4.200000000000000000e+01
4.400000000000000000e+01
5.300000000000000000e+01
3.700000000000000000e+01
4.240000000000000000e+02
4.100000000000000000e+01
8.300000000000000000e+01
3.700000000000000000e+01
4.000000000000000000e+01
8.800000000000000000e+01
1.040000000000000000e+02
4.100000000000000000e+01
4.400000000000000000e+01
4.700000000000000000e+01
4.500000000000000000e+01
4.500000000000000000e+01
3.800000000000000000e+01
8.100000000000000000e+01
4.300000000000000000e+01
1.810000000000000000e+02
4.100000000000000000e+01
4.300000000000000000e+01
9.000000000000000000e+01
3.600000000000000000e+01
3.900000000000000000e+01
5.800000000000000000e+01
4.500000000000000000e+01
4.300000000000000000e+01
9.800000000000000000e+01
4.300000000000000000e+01
4.500000000000000000e+01
4.400000000000000000e+01
4.200000000000000000e+01
4.300000000000000000e+01
6.200000000000000000e+01
5.200000000000000000e+01
4.300000000000000000e+01
1.160000000000000000e+02
6.800000000000000000e+01
3.900000000000000000e+01
4.800000000000000000e+01
4.400000000000000000e+01
3.020000000000000000e+02
4.300000000000000000e+01
7.500000000000000000e+01
4.200000000000000000e+01
7.400000000000000000e+01
5.200000000000000000e+01
4.500000000000000000e+01
5.800000000000000000e+01
4.300000000000000000e+01
6.700000000000000000e+01
3.800000000000000000e+01
3.800000000000000000e+01
4.700000000000000000e+01
4.100000000000000000e+01
3.700000000000000000e+01
5.500000000000000000e+01
3.600000000000000000e+01
7.900000000000000000e+01
4.600000000000000000e+01
4.600000000000000000e+01
6.800000000000000000e+01
5.500000000000000000e+01
4.400000000000000000e+01
4.100000000000000000e+01
4.300000000000000000e+01
4.200000000000000000e+01
4.300000000000000000e+01
4.500000000000000000e+01
3.700000000000000000e+01
4.000000000000000000e+01
4.400000000000000000e+01
4.200000000000000000e+01
4.400000000000000000e+01
4.300000000000000000e+01
4.400000000000000000e+01
7.000000000000000000e+01
4.300000000000000000e+01
3.800000000000000000e+01
3.700000000000000000e+01
4.000000000000000000e+01
4.000000000000000000e+01
4.300000000000000000e+01
4.500000000000000000e+01
6.520000000000000000e+02
6.400000000000000000e+01
6.400000000000000000e+01
4.000000000000000000e+01
8.272000000000000000e+03
4.400000000000000000e+01
4.100000000000000000e+01
4.200000000000000000e+01
6.800000000000000000e+01
4.500000000000000000e+01
6.400000000000000000e+01
3.900000000000000000e+01
3.400000000000000000e+01
2.600000000000000000e+02
4.400000000000000000e+01
4.600000000000000000e+01
4.000000000000000000e+01
4.000000000000000000e+01
4.000000000000000000e+01
4.300000000000000000e+01
3.900000000000000000e+01
6.500000000000000000e+01
4.500000000000000000e+01
5.000000000000000000e+01
4.300000000000000000e+01
6.460000000000000000e+02
4.400000000000000000e+01
4.000000000000000000e+01
4.600000000000000000e+01
4.000000000000000000e+01
4.400000000000000000e+01
4.100000000000000000e+01
4.000000000000000000e+01
4.100000000000000000e+01
4.600000000000000000e+01
4.100000000000000000e+01
3.700000000000000000e+01
5.600000000000000000e+01
4.700000000000000000e+01
4.100000000000000000e+01
4.100000000000000000e+01
4.400000000000000000e+01
9.200000000000000000e+01
5.300000000000000000e+01
4.400000000000000000e+01
4.000000000000000000e+01
4.500000000000000000e+01
1.060000000000000000e+02
3.900000000000000000e+01
3.900000000000000000e+01
3.600000000000000000e+01
4.100000000000000000e+01
3.800000000000000000e+01
4.400000000000000000e+01
3.900000000000000000e+01
4.000000000000000000e+01
4.200000000000000000e+01
4.500000000000000000e+01
4.200000000000000000e+01
3.800000000000000000e+01
4.000000000000000000e+01
3.900000000000000000e+01
4.300000000000000000e+01
5.400000000000000000e+01
3.800000000000000000e+01
4.100000000000000000e+01
4.400000000000000000e+01
4.000000000000000000e+01
4.200000000000000000e+01
3.500000000000000000e+01
4.200000000000000000e+01
5.000000000000000000e+01
1.220000000000000000e+02
4.400000000000000000e+01
4.700000000000000000e+01
5.300000000000000000e+01
6.430000000000000000e+02
7.000000000000000000e+01
5.800000000000000000e+01
4.100000000000000000e+01
4.500000000000000000e+01
6.700000000000000000e+01
4.300000000000000000e+01
4.300000000000000000e+01
4.000000000000000000e+01
4.700000000000000000e+01
4.100000000000000000e+01
4.300000000000000000e+01
4.800000000000000000e+01
4.600000000000000000e+01
4.300000000000000000e+01
4.000000000000000000e+01
4.300000000000000000e+01
5.300000000000000000e+01
6.900000000000000000e+01
4.500000000000000000e+01
5.800000000000000000e+01
4.500000000000000000e+01
4.000000000000000000e+01
3.900000000000000000e+01
4.600000000000000000e+01
4.300000000000000000e+01
2.410000000000000000e+02
6.600000000000000000e+02
4.300000000000000000e+01
4.800000000000000000e+01
1.004700000000000000e+04
3.600000000000000000e+01
3.800000000000000000e+01
4.100000000000000000e+01
1.550000000000000000e+02
8.900000000000000000e+01
4.600000000000000000e+01
4.200000000000000000e+01
4.000000000000000000e+01
3.700000000000000000e+01
3.800000000000000000e+01
6.100000000000000000e+01
4.400000000000000000e+01
6.100000000000000000e+01
4.600000000000000000e+01
4.200000000000000000e+01
2.250000000000000000e+02
3.700000000000000000e+01
3.700000000000000000e+01
4.900000000000000000e+01
4.400000000000000000e+01
6.700000000000000000e+01
4.300000000000000000e+01
4.000000000000000000e+01
4.600000000000000000e+01
4.900000000000000000e+01
3.700000000000000000e+01
1.050000000000000000e+02
5.040000000000000000e+02
4.400000000000000000e+01
1.790000000000000000e+02
4.400000000000000000e+01
4.200000000000000000e+01
4.500000000000000000e+01
4.600000000000000000e+01
4.400000000000000000e+01
4.400000000000000000e+01
1.100000000000000000e+02
7.600000000000000000e+01
9.400000000000000000e+01
5.200000000000000000e+01
5.200000000000000000e+01
4.200000000000000000e+01
